SelectToolWeapon = "Combat"

local lib = loadstring(game:HttpGet"https://raw.githubusercontent.com/dawid-scripts/UI-Libs/main/Vape.txt")()

local farm = lib:Window("test2",Color3.fromRGB(44, 120, 224), Enum.KeyCode.RightControl)

local tab = farm:Tab("auto farm")

function TP(P1)
    Distance = (P1.Position - game.Players.LocalPlayer.Character.HumanoidRootPart.Position).Magnitude
    if Distance < 250 then
        Speed = 600
    elseif Distance < 500 then
        Speed = 500
    elseif Distance < 1000 then
        Speed = 400
    elseif Distance >= 1000 then
        Speed = 250
    end
    game:GetService("TweenService"):Create(
        game.Players.LocalPlayer.Character.HumanoidRootPart,
        TweenInfo.new(Distance/Speed, Enum.EasingStyle.Linear),
        {CFrame = P1}
    ):Play()
end

function TP2(P1)
	Distance = (P1.Position - game.Players.LocalPlayer.Character.HumanoidRootPart.Position).Magnitude
	if Distance < 1000 then
		Speed = 500
	elseif Distance >= 1000 then
		Speed = 350
	end
    game:GetService("TweenService"):Create(
        game.Players.LocalPlayer.Character.HumanoidRootPart,
        TweenInfo.new(Distance/Speed, Enum.EasingStyle.Linear),
        {CFrame = P1}
    ):Play()
    Clip = true
    wait(Distance/Speed)
    Clip = false
end

function TP(P)
	Distance = (P.Position - game.Players.LocalPlayer.Character.HumanoidRootPart.Position).Magnitude
	if Distance < 10 then
		Speed = 1000
	elseif Distance < 170 then
		game.Players.LocalPlayer.Character.HumanoidRootPart.CFrame = P
		Speed = 350
	elseif Distance < 1000 then
		Speed = 350
	elseif Distance >= 1000 then
		Speed = 250
	end
	game:GetService("TweenService"):Create(
		game.Players.LocalPlayer.Character.HumanoidRootPart,
		TweenInfo.new(Distance/Speed, Enum.EasingStyle.Linear),
		{CFrame = P}
	):Play()
end

farm:Toggle("START KAITAN", _G.AutoKaitan, function(vu)
    AutoKaitan = vu
    _G.AutoFarm = vu

if _G.AutoFarm and SelectToolWeapon == "" then
  else
		Auto_Farm = vu
		SelectMonster = ""
		if vu == false then
			wait(1)
			TP(game.Players.LocalPlayer.Character.HumanoidRootPart.CFrame)
else
    ESPPlayer = vu
	while ESPPlayer do wait()
		UpdatePlayerChams()
end
end
end
end)
    spawn(function()
        while wait(.5) do
            if AutoKaitan and game.Players.LocalPlayer:FindFirstChild("WeaponAssetCache") then
                if game.Players.LocalPlayer.Backpack:FindFirstChild("Combat") or game.Players.LocalPlayer.Character:FindFirstChild("Combat") then
                    local args = {
                        [1] = "BuyBlackLeg"
                    }
                    game:GetService("ReplicatedStorage").Remotes.CommF_:InvokeServer(unpack(args))
                end   
                if game.Players.LocalPlayer.Character:FindFirstChild("Superhuman") or game.Players.LocalPlayer.Backpack:FindFirstChild("Superhuman") and game.Players.LocalPlayer.Character.Humanoid.Health > 0 then
                    SelectToolWeapon = "Superhuman"
                end  
                if game.Players.LocalPlayer.Backpack:FindFirstChild("Black Leg") and game.Players.LocalPlayer.Backpack:FindFirstChild("Black Leg").Level.Value <= 299 and game.Players.LocalPlayer.Character.Humanoid.Health > 0 then
                    SelectToolWeapon = "Black Leg"
                end
                if game.Players.LocalPlayer.Backpack:FindFirstChild("Electro") and game.Players.LocalPlayer.Backpack:FindFirstChild("Electro").Level.Value <= 299 and game.Players.LocalPlayer.Character.Humanoid.Health > 0 then
                    SelectToolWeapon = "Electro"
                end
                if game.Players.LocalPlayer.Backpack:FindFirstChild("Fishman Karate") and game.Players.LocalPlayer.Backpack:FindFirstChild("Fishman Karate").Level.Value <= 299 and game.Players.LocalPlayer.Character.Humanoid.Health > 0 then
                    SelectToolWeapon = "Fishman Karate"
                end
                if game.Players.LocalPlayer.Backpack:FindFirstChild("Dragon Claw") and game.Players.LocalPlayer.Backpack:FindFirstChild("Dragon Claw").Level.Value <= 299 and game.Players.LocalPlayer.Character.Humanoid.Health > 0 then
                    SelectToolWeapon = "Dragon Claw"
                end
                if game.Players.LocalPlayer.Backpack:FindFirstChild("Black Leg") and game.Players.LocalPlayer.Backpack:FindFirstChild("Black Leg").Level.Value >= 300 and game.Players.LocalPlayer.Character.Humanoid.Health > 0 then
                    local args = {
                        [1] = "BuyElectro"
                    }
                    game:GetService("ReplicatedStorage").Remotes.CommF_:InvokeServer(unpack(args))
                end
                if game.Players.LocalPlayer.Character:FindFirstChild("Black Leg") and game.Players.LocalPlayer.Character:FindFirstChild("Black Leg").Level.Value >= 300 and game.Players.LocalPlayer.Character.Humanoid.Health > 0 then
                    local args = {
                        [1] = "BuyElectro"
                    }
                    game:GetService("ReplicatedStorage").Remotes.CommF_:InvokeServer(unpack(args))
                end
                
                if game.Players.LocalPlayer.Backpack:FindFirstChild("Electro") and game.Players.LocalPlayer.Backpack:FindFirstChild("Electro").Level.Value >= 300 and game.Players.LocalPlayer.Character.Humanoid.Health > 0 then
                    local args = {
                        [1] = "BuyFishmanKarate"
                    }
                    game:GetService("ReplicatedStorage").Remotes.CommF_:InvokeServer(unpack(args))
                end
                if game.Players.LocalPlayer.Character:FindFirstChild("Electro") and game.Players.LocalPlayer.Character:FindFirstChild("Electro").Level.Value >= 300 and game.Players.LocalPlayer.Character.Humanoid.Health > 0 then
                    local args = {
                        [1] = "BuyFishmanKarate"
                    }
                    game:GetService("ReplicatedStorage").Remotes.CommF_:InvokeServer(unpack(args))
                end
                if game.Players.LocalPlayer.Backpack:FindFirstChild("Fishman Karate") and game.Players.LocalPlayer.Backpack:FindFirstChild("Fishman Karate").Level.Value >= 300 and game.Players.LocalPlayer.Character.Humanoid.Health > 0 then
                    local args = {
                        [1] = "BlackbeardReward",
                        [2] = "DragonClaw",
                        [3] = "2"
                    }
                    game:GetService("ReplicatedStorage").Remotes.CommF_:InvokeServer(unpack(args))
                end
                if game.Players.LocalPlayer.Character:FindFirstChild("Fishman Karate") and game.Players.LocalPlayer.Character:FindFirstChild("Fishman Karate").Level.Value >= 300 and game.Players.LocalPlayer.Character.Humanoid.Health > 0 then
                    local args = {
                        [1] = "BlackbeardReward",
                        [2] = "DragonClaw",
                        [3] = "2"
                    }
                    game:GetService("ReplicatedStorage").Remotes.CommF_:InvokeServer(unpack(args))
                end
                if game.Players.LocalPlayer.Backpack:FindFirstChild("Dragon Claw") and game.Players.LocalPlayer.Backpack:FindFirstChild("Dragon Claw").Level.Value >= 300 and game.Players.LocalPlayer.Character.Humanoid.Health > 0 then
                    local args = {
                        [1] = "BuySuperhuman"
                    }
                    game:GetService("ReplicatedStorage").Remotes.CommF_:InvokeServer(unpack(args))
                end
                if game.Players.LocalPlayer.Character:FindFirstChild("Dragon Claw") and game.Players.LocalPlayer.Character:FindFirstChild("Dragon Claw").Level.Value >= 300 and game.Players.LocalPlayer.Character.Humanoid.Health > 0 then
                    local args = {
                        [1] = "BuySuperhuman"
                    }
                    game:GetService("ReplicatedStorage").Remotes.CommF_:InvokeServer(unpack(args))
                end 
            end
        end
    end)
farm:Toggle("AUTO STATS", _G.AutoStats, function(vu)
    while true do
    game:GetService("ReplicatedStorage").Remotes.CommF_:InvokeServer("AddPoint","Melee")
    game:GetService("ReplicatedStorage").Remotes.CommF_:InvokeServer("AddPoint","Defense")
    end
end)


local placeid = game.placeid
magnet = true
if placeid == 2753915549 then
	oldworld = true
elseif placeid == 4442272183 then
	newworld = true
elseif placeid == 7449423635 then
	threeworld = true
end
function click()
	game:getservice'virtualuser':capturecontroller()
	game:getservice'virtualuser':button1down(vector2.new(1280, 672))
end
function checkquest()
	local mylevel = game.players.localplayer.data.level.value
	if oldworld then
		if mylevel == 1 or mylevel <= 9 then 
			ms = "bandit [lv. 5]"
			naemquest = "banditquest1"
			levelquest = 1
			namemon = "bandit"
			cframequest = cframe.new(1061.66699, 16.5166187, 1544.52905, -0.942978859, -3.33851502e-09, 0.332852632, 7.04340497e-09, 1, 2.99841325e-08, -0.332852632, 3.06188177e-08, -0.942978859)
			cframemon = cframe.new(1199.31287, 52.2717781, 1536.91516, -0.929782331, 6.60215846e-08, -0.368109822, 3.9077392e-08, 1, 8.06501603e-08, 0.368109822, 6.06023249e-08, -0.929782331)
		elseif mylevel == 10 or mylevel <= 14 then 
			ms = "monkey [lv. 14]"
			naemquest = "junglequest"
			levelquest = 1
			namemon = "monkey"
			cframequest = cframe.new(-1604.12012, 36.8521118, 154.23732, 0.0648873374, -4.70858913e-06, -0.997892559, 1.41431883e-07, 1, -4.70933674e-06, 0.997892559, 1.64442184e-07, 0.0648873374)
			cframemon = cframe.new(-1772.4093017578, 60.860641479492, 54.872589111328)
		elseif mylevel == 15 or mylevel <= 29 then 
			ms = "gorilla [lv. 20]"
			naemquest = "junglequest"
			levelquest = 2
			namemon = "gorilla"
			cframequest = cframe.new(-1604.12012, 36.8521118, 154.23732, 0.0648873374, -4.70858913e-06, -0.997892559, 1.41431883e-07, 1, -4.70933674e-06, 0.997892559, 1.64442184e-07, 0.0648873374)
			cframemon = cframe.new(-1223.52808, 6.27936459, -502.292664, 0.310949147, -5.66602516e-08, 0.950426519, -3.37275488e-08, 1, 7.06501808e-08, -0.950426519, -5.40241736e-08, 0.310949147)
		elseif mylevel == 30 or mylevel <= 39 then 
			ms = "pirate [lv. 35]"
			naemquest = "buggyquest1"
			levelquest = 1
			namemon = "pirate"
			cframequest = cframe.new(-1139.59717, 4.75205183, 3825.16211, -0.959730506, -7.5857054e-09, 0.280922383, -4.06310328e-08, 1, -1.11807175e-07, -0.280922383, -1.18718916e-07, -0.959730506)
			cframemon = cframe.new(-1219.32324, 4.75205183, 3915.63452, -0.966492832, -6.91238853e-08, 0.25669381, -5.21195496e-08, 1, 7.3047012e-08, -0.25669381, 5.72206496e-08, -0.966492832)
		elseif mylevel == 40 or mylevel <= 59 then 
			ms = "brute [lv. 45]"
			naemquest = "buggyquest1"
			levelquest = 2
			namemon = "brute"
			cframequest = cframe.new(-1139.59717, 4.75205183, 3825.16211, -0.959730506, -7.5857054e-09, 0.280922383, -4.06310328e-08, 1, -1.11807175e-07, -0.280922383, -1.18718916e-07, -0.959730506)
			cframemon = cframe.new(-1146.49646, 96.0936813, 4312.1333, -0.978175163, -1.53222057e-08, 0.207781896, -3.33316912e-08, 1, -8.31738873e-08, -0.207781896, -8.82843523e-08, -0.978175163)
		elseif mylevel == 60 or mylevel <= 74 then 
			ms = "desert bandit [lv. 60]"
			naemquest = "desertquest"
			levelquest = 1
			namemon = "desert bandit"
			cframequest = cframe.new(897.031128, 6.43846416, 4388.97168, -0.804044724, 3.68233266e-08, 0.594568789, 6.97835176e-08, 1, 3.24365246e-08, -0.594568789, 6.75715199e-08, -0.804044724)
			cframemon = cframe.new(932.788818, 6.4503746, 4488.24609, -0.998625934, 3.08948351e-08, 0.0524050146, 2.79967303e-08, 1, -5.60361286e-08, -0.0524050146, -5.44919629e-08, -0.998625934)
		elseif mylevel == 75 or mylevel <= 89 then 
			ms = "desert officer [lv. 70]"
			naemquest = "desertquest"
			levelquest = 2
			namemon = "desert officer"
			cframequest = cframe.new(897.031128, 6.43846416, 4388.97168, -0.804044724, 3.68233266e-08, 0.594568789, 6.97835176e-08, 1, 3.24365246e-08, -0.594568789, 6.75715199e-08, -0.804044724)
			cframemon = cframe.new(1580.03198, 4.61375761, 4366.86426, 0.135744005, -6.44280718e-08, -0.990743816, 4.35738308e-08, 1, -5.90598574e-08, 0.990743816, -3.51534837e-08, 0.135744005)
		elseif mylevel == 90 or mylevel <= 99 then 
			ms = "snow bandit [lv. 90]"
			naemquest = "snowquest"
			levelquest = 1
			namemon = "snow bandits"
			cframequest = cframe.new(1384.14001, 87.272789, -1297.06482, 0.348555952, -2.53947841e-09, -0.937287986, 1.49860568e-08, 1, 2.86358204e-09, 0.937287986, -1.50443711e-08, 0.348555952)
			cframemon = cframe.new(1370.24316, 102.403511, -1411.52905, 0.980274439, -1.12995728e-08, 0.197641045, -9.57343449e-09, 1, 1.04655214e-07, -0.197641045, -1.04482936e-07, 0.980274439)
		elseif mylevel == 100 or mylevel <= 119 then 
			ms = "snowman [lv. 100]"
			naemquest = "snowquest"
			levelquest = 2
			namemon = "snowman"
			cframequest = cframe.new(1384.14001, 87.272789, -1297.06482, 0.348555952, -2.53947841e-09, -0.937287986, 1.49860568e-08, 1, 2.86358204e-09, 0.937287986, -1.50443711e-08, 0.348555952)
			cframemon = cframe.new(1370.24316, 102.403511, -1411.52905, 0.980274439, -1.12995728e-08, 0.197641045, -9.57343449e-09, 1, 1.04655214e-07, -0.197641045, -1.04482936e-07, 0.980274439)
		elseif mylevel == 120 or mylevel <= 149 then 
			ms = "chief petty officer [lv. 120]"
			naemquest = "marinequest2"
			levelquest = 1
			namemon = "chief petty officer"
			cframequest = cframe.new(-5035.0835, 28.6520386, 4325.29443, 0.0243340395, -7.08064647e-08, 0.999703884, -6.36926814e-08, 1, 7.23777944e-08, -0.999703884, -6.54350671e-08, 0.0243340395)
			cframemon = cframe.new(-4882.8623, 22.6520386, 4255.53516, 0.273695946, -5.40380647e-08, -0.96181643, 4.37720793e-08, 1, -4.37274998e-08, 0.96181643, -3.01326679e-08, 0.273695946)
		elseif mylevel == 150 or mylevel <= 174 then 
			ms = "sky bandit [lv. 150]"
			naemquest = "skyquest"
			levelquest = 1
			namemon = "sky bandit"
			cframequest = cframe.new(-4841.83447, 717.669617, -2623.96436, -0.875942111, 5.59710216e-08, -0.482416272, 3.04023082e-08, 1, 6.08195947e-08, 0.482416272, 3.86078725e-08, -0.875942111)
			cframemon = cframe.new(-4970.74219, 294.544342, -2890.11353, -0.994874597, -8.61311236e-08, -0.101116329, -9.10836206e-08, 1, 4.43614923e-08, 0.101116329, 5.33441664e-08, -0.994874597)
		elseif mylevel == 175 or mylevel <= 249 then 
			ms = "dark master [lv. 175]"
			naemquest = "skyquest"
			levelquest = 2
			namemon = "dark master"
			cframequest = cframe.new(-4841.83447, 717.669617, -2623.96436, -0.875942111, 5.59710216e-08, -0.482416272, 3.04023082e-08, 1, 6.08195947e-08, 0.482416272, 3.86078725e-08, -0.875942111)
			cframemon = cframe.new(-5220.58594, 430.693298, -2278.17456, -0.925375521, 1.12086873e-08, 0.379051805, -1.05115507e-08, 1, -5.52320891e-08, -0.379051805, -5.50948407e-08, -0.925375521)
		elseif mylevel == 250 or mylevel <= 274 then 
			ms = "toga warrior [lv. 250]"
			naemquest = "colosseumquest"
			levelquest = 1
			namemon = "toga warrior"
			cframequest = cframe.new(-1576.11743, 7.38933945, -2983.30762, 0.576966345, 1.22114863e-09, 0.816767931, -3.58496594e-10, 1, -1.24185606e-09, -0.816767931, 4.2370063e-10, 0.576966345)
			cframemon = cframe.new(-1779.97583, 44.6077499, -2736.35474, 0.984437346, 4.10396339e-08, 0.175734788, -3.62286876e-08, 1, -3.05844168e-08, -0.175734788, 2.3741821e-08, 0.984437346)
		elseif mylevel == 275 or mylevel <= 299 then 
			ms = "gladiator [lv. 275]"
			naemquest = "colosseumquest"
			levelquest = 2
			namemon = "gladiato"
			cframequest = cframe.new(-1576.11743, 7.38933945, -2983.30762, 0.576966345, 1.22114863e-09, 0.816767931, -3.58496594e-10, 1, -1.24185606e-09, -0.816767931, 4.2370063e-10, 0.576966345)
			cframemon = cframe.new(-1274.75903, 58.1895943, -3188.16309, 0.464524001, 6.21005611e-08, 0.885560572, -4.80449414e-09, 1, -6.76054768e-08, -0.885560572, 2.71497012e-08, 0.464524001)
		elseif mylevel == 300 or mylevel <= 324 then 
			ms = "military soldier [lv. 300]"
			naemquest = "magmaquest"
			levelquest = 1
			namemon = "military soldier"
			cframequest = cframe.new(-5316.55859, 12.2370615, 8517.2998, 0.588437557, -1.37880001e-08, -0.808542669, -2.10116209e-08, 1, -3.23446478e-08, 0.808542669, 3.60215964e-08, 0.588437557)
			cframemon = cframe.new(-5363.01123, 41.5056877, 8548.47266, -0.578253984, -3.29503091e-10, 0.815856814, 9.11209668e-08, 1, 6.498761e-08, -0.815856814, 1.11920997e-07, -0.578253984)
        elseif mylevel == 325 or mylevel <= 374 then -- military spy
            ms = "military spy [lv. 325]"
            naemquest = "magmaquest"
            levelquest = 2
            namemon = "military spy"
            cframequest = cframe.new(-5316.1157226563, 12.262831687927, 8517.00390625)
            cframemon = cframe.new(-5984.0532226563, 82.14656829834, 8753.326171875)
		elseif mylevel == 375 or mylevel <= 399 then 
			ms = "fishman warrior [lv. 375]"
			naemquest = "fishmanquest"
			levelquest = 1
			namemon = "fishman warrior"
			cframequest = cframe.new(61122.5625, 18.4716396, 1568.16504, 0.893533468, 3.95251609e-09, 0.448996574, -2.34327455e-08, 1, 3.78297464e-08, -0.448996574, -4.43233645e-08, 0.893533468)
			cframemon = cframe.new(60946.6094, 48.6735229, 1525.91687, -0.0817126185, 8.90751153e-08, 0.996655822, 2.00889794e-08, 1, -8.77269599e-08, -0.996655822, 1.28533992e-08, -0.0817126185)
		elseif mylevel == 400 or mylevel <= 449 then 
			ms = "fishman commando [lv. 400]"
			naemquest = "fishmanquest"
			levelquest = 2
			namemon = "fishman commando"
			cframequest = cframe.new(61122.5625, 18.4716396, 1568.16504, 0.893533468, 3.95251609e-09, 0.448996574, -2.34327455e-08, 1, 3.78297464e-08, -0.448996574, -4.43233645e-08, 0.893533468)
			cframemon = cframe.new(61885.5039, 18.4828243, 1504.17896, 0.577502489, 0, -0.816389024, -0, 1.00000012, -0, 0.816389024, 0, 0.577502489)
		elseif mylevel == 450 or mylevel <= 474 then 
			ms = "god's guard [lv. 450]"
			naemquest = "skyexp1quest"
			levelquest = 1
			namemon = "god's guards"
			cframequest = cframe.new(-4721.71436, 845.277161, -1954.20105, -0.999277651, -5.56969759e-09, 0.0380011722, -4.14751478e-09, 1, 3.75035256e-08, -0.0380011722, 3.73188307e-08, -0.999277651)
			cframemon = cframe.new(-4716.95703, 853.089722, -1933.92542, -0.93441087, -6.77488776e-09, -0.356197298, 1.12145182e-08, 1, -4.84390199e-08, 0.356197298, -4.92565206e-08, -0.93441087)
		elseif mylevel == 475 or mylevel <= 524 then 
			ms = "shanda [lv. 475]"
			naemquest = "skyexp1quest"
			levelquest = 2
			namemon = "shandas"
			cframequest = cframe.new(-7863.63672, 5545.49316, -379.826324, 0.362120807, -1.98046344e-08, -0.93213129, 4.05822291e-08, 1, -5.48095125e-09, 0.93213129, -3.58431969e-08, 0.362120807)
			cframemon = cframe.new(-7685.12354, 5601.05127, -443.171509, 0.150056243, 1.79768236e-08, -0.988677442, 6.67798661e-09, 1, 1.91962481e-08, 0.988677442, -9.48289181e-09, 0.150056243)
		elseif mylevel == 525 or mylevel <= 549 then 
			ms = "royal squad [lv. 525]"
			naemquest = "skyexp2quest"
			levelquest = 1
			namemon = "royal squad"
			cframequest = cframe.new(-7902.66895, 5635.96387, -1411.71802, 0.0504222959, 2.5710392e-08, 0.998727977, 1.12541557e-07, 1, -3.14249675e-08, -0.998727977, 1.13982921e-07, 0.0504222959)
			cframemon = cframe.new(-7685.02051, 5606.87842, -1442.729, 0.561947823, 7.69527464e-09, -0.827172697, -4.24974544e-09, 1, 6.41599973e-09, 0.827172697, -9.01838604e-11, 0.561947823)
		elseif mylevel == 550 or mylevel <= 624 then 
			ms = "royal soldier [lv. 550]"
			naemquest = "skyexp2quest"
			levelquest = 2
			namemon = "royal soldier"
			cframequest = cframe.new(-7902.66895, 5635.96387, -1411.71802, 0.0504222959, 2.5710392e-08, 0.998727977, 1.12541557e-07, 1, -3.14249675e-08, -0.998727977, 1.13982921e-07, 0.0504222959)
			cframemon = cframe.new(-7864.44775, 5661.94092, -1708.22351, 0.998389959, 2.28686137e-09, -0.0567218624, 1.99431383e-09, 1, 7.54200258e-08, 0.0567218624, -7.54117195e-08, 0.998389959)
		elseif mylevel == 625 or mylevel <= 649 then 
			ms = "galley pirate [lv. 625]"
			naemquest = "fountainquest"
			levelquest = 1
			namemon = "galley pirate"
			cframequest = cframe.new(5254.60156, 38.5011406, 4049.69678, -0.0504891425, -3.62066501e-08, -0.998724639, -9.87921389e-09, 1, -3.57534553e-08, 0.998724639, 8.06145284e-09, -0.0504891425)
			cframemon = cframe.new(5595.06982, 41.5013695, 3961.47095, -0.992138803, -2.11610267e-08, -0.125142589, -1.34249509e-08, 1, -6.26613996e-08, 0.125142589, -6.04887518e-08, -0.992138803)
		elseif mylevel >= 650 then 
			ms = "galley captain [lv. 650]"
			naemquest = "fountainquest"
			levelquest = 2
			namemon = "galley captain"
			cframequest = cframe.new(5254.60156, 38.5011406, 4049.69678, -0.0504891425, -3.62066501e-08, -0.998724639, -9.87921389e-09, 1, -3.57534553e-08, 0.998724639, 8.06145284e-09, -0.0504891425)
			cframemon = cframe.new(5658.5752, 38.5361786, 4928.93506, -0.996873081, 2.12391046e-06, -0.0790185928, 2.16989656e-06, 1, -4.96097414e-07, 0.0790185928, -6.66008248e-07, -0.996873081)
		end
	end
	if newworld then
		if mylevel == 700 or mylevel <= 724 then 
			ms = "raider [lv. 700]"
			naemquest = "area1quest"
			levelquest = 1
			namemon = "raider"
			cframequest = cframe.new(-424.080078, 73.0055847, 1836.91589, 0.253544956, -1.42165932e-08, 0.967323601, -6.00147771e-08, 1, 3.04272909e-08, -0.967323601, -6.5768397e-08, 0.253544956)
			cframemon = cframe.new(-737.026123, 39.1748352, 2392.57959, 0.272128761, 0, -0.962260842, -0, 1, -0, 0.962260842, 0, 0.272128761)
		elseif mylevel == 725 or mylevel <= 774 then 
			ms = "mercenary [lv. 725]"
			naemquest = "area1quest"
			levelquest = 2
			namemon = "mercenary"
			cframequest = cframe.new(-424.080078, 73.0055847, 1836.91589, 0.253544956, -1.42165932e-08, 0.967323601, -6.00147771e-08, 1, 3.04272909e-08, -0.967323601, -6.5768397e-08, 0.253544956)
			cframemon = cframe.new(-973.731995, 95.8733215, 1836.46936, 0.999135971, 2.02326991e-08, -0.0415605344, -1.90767793e-08, 1, 2.82094952e-08, 0.0415605344, -2.73922804e-08, 0.999135971)
		elseif mylevel == 775 or mylevel <= 874 then 
			ms = "swan pirate [lv. 775]"
			naemquest = "area2quest"
			levelquest = 1
			namemon = "swan pirate"
			cframequest = cframe.new(632.698608, 73.1055908, 918.666321, -0.0319722369, 8.96074881e-10, -0.999488771, 1.36326533e-10, 1, 8.92172336e-10, 0.999488771, -1.07732087e-10, -0.0319722369)
			cframemon = cframe.new(970.369446, 142.653198, 1217.3667, 0.162079468, -4.85452638e-08, -0.986777723, 1.03357589e-08, 1, -4.74980872e-08, 0.986777723, -2.50063148e-09, 0.162079468)
		elseif mylevel == 875 or mylevel <= 899 then 
			ms = "marine lieutenant [lv. 875]"
			naemquest = "marinequest3"
			levelquest = 1
			namemon = "marine lieutenant"
			cframequest = cframe.new(-2442.65015, 73.0511475, -3219.11523, -0.873540044, 4.2329841e-08, -0.486752301, 5.64383384e-08, 1, -1.43220786e-08, 0.486752301, -3.99823996e-08, -0.873540044)
			cframemon = cframe.new(-2913.26367, 73.0011826, -2971.64282, 0.910507619, 0, 0.413492233, 0, 1.00000012, 0, -0.413492233, 0, 0.910507619)
		elseif mylevel == 900 or mylevel <= 949 then 
			ms = "marine captain [lv. 900]"
			naemquest = "marinequest3"
			levelquest = 2
			namemon = "marine captain"
			cframequest = cframe.new(-2442.65015, 73.0511475, -3219.11523, -0.873540044, 4.2329841e-08, -0.486752301, 5.64383384e-08, 1, -1.43220786e-08, 0.486752301, -3.99823996e-08, -0.873540044)
			cframemon = cframe.new(-1868.67688, 73.0011826, -3321.66333, -0.971402287, 1.06502087e-08, 0.237439692, 3.68856199e-08, 1, 1.06050372e-07, -0.237439692, 1.11775684e-07, -0.971402287)
		elseif mylevel == 950 or mylevel <= 974 then 
			ms = "zombie [lv. 950]"
			naemquest = "zombiequest"
			levelquest = 1
			namemon = "zombie"
			cframequest = cframe.new(-5492.79395, 48.5151672, -793.710571, 0.321800292, -6.24695815e-08, 0.946807742, 4.05616092e-08, 1, 5.21931227e-08, -0.946807742, 2.16082796e-08, 0.321800292)
			cframemon = cframe.new(-5634.83838, 126.067039, -697.665039, -0.992770672, 6.77618939e-09, 0.120025545, 1.65461245e-08, 1, 8.04023372e-08, -0.120025545, 8.18070234e-08, -0.992770672)
		elseif mylevel == 975 or mylevel <= 999 then 
			ms = "vampire [lv. 975]"
			naemquest = "zombiequest"
			levelquest = 2
			namemon = "vampire"
			cframequest = cframe.new(-5492.79395, 48.5151672, -793.710571, 0.321800292, -6.24695815e-08, 0.946807742, 4.05616092e-08, 1, 5.21931227e-08, -0.946807742, 2.16082796e-08, 0.321800292)
			cframemon = cframe.new(-6030.32031, 6.4377408, -1313.5564, -0.856965423, 3.9138893e-08, -0.515373945, -1.12178942e-08, 1, 9.45958547e-08, 0.515373945, 8.68467822e-08, -0.856965423)
		elseif mylevel == 1000 or mylevel <= 1049 then 
			ms = "snow trooper [lv. 1000]"
			naemquest = "snowmountainquest"
			levelquest = 1
			namemon = "snow trooper"
			cframequest = cframe.new(604.964966, 401.457062, -5371.69287, 0.353063971, 1.89520435e-08, -0.935599446, -5.81846002e-08, 1, -1.70033754e-09, 0.935599446, 5.50377841e-08, 0.353063971)
			cframemon = cframe.new(535.893433, 401.457062, -5329.6958, -0.999524176, 0, 0.0308452044, 0, 1, -0, -0.0308452044, 0, -0.999524176)
		elseif mylevel == 1050 or mylevel <= 1099 then 
			ms = "winter warrior [lv. 1050]"
			naemquest = "snowmountainquest"
			levelquest = 2
			namemon = "winter warrior"
			cframequest = cframe.new(604.964966, 401.457062, -5371.69287, 0.353063971, 1.89520435e-08, -0.935599446, -5.81846002e-08, 1, -1.70033754e-09, 0.935599446, 5.50377841e-08, 0.353063971)
			cframemon = cframe.new(1223.7417, 454.575226, -5170.02148, 0.473996818, 2.56845354e-08, 0.880526543, -5.62456428e-08, 1, 1.10811016e-09, -0.880526543, -5.00510211e-08, 0.473996818)
		elseif mylevel == 1100 or mylevel <= 1124 then 
			ms = "lab subordinate [lv. 1100]"
			naemquest = "icesidequest"
			levelquest = 1
			namemon = "lab subordinate"
			cframequest = cframe.new(-6060.10693, 15.9868021, -4904.7876, -0.411000341, -5.06538868e-07, 0.91163528, 1.26306062e-07, 1, 6.12581289e-07, -0.91163528, 3.66916197e-07, -0.411000341)
			cframemon = cframe.new(-5769.2041, 37.9288292, -4468.38721, -0.569419742, -2.49055017e-08, 0.822046936, -6.96206541e-08, 1, -1.79282633e-08, -0.822046936, -6.74401548e-08, -0.569419742)
		elseif mylevel == 1125 or mylevel <= 1174 then 
			ms = "horned warrior [lv. 1125]"
			naemquest = "icesidequest"
			levelquest = 2
			namemon = "horned warrior"
			cframequest = cframe.new(-6060.10693, 15.9868021, -4904.7876, -0.411000341, -5.06538868e-07, 0.91163528, 1.26306062e-07, 1, 6.12581289e-07, -0.91163528, 3.66916197e-07, -0.411000341)
			cframemon = cframe.new(-6400.85889, 24.7645149, -5818.63574, -0.964845479, 8.65926566e-08, -0.262817472, 3.98261392e-07, 1, -1.13260398e-06, 0.262817472, -1.19745812e-06, -0.964845479)
		elseif mylevel == 1175 or mylevel <= 1199 then 
			ms = "magma ninja [lv. 1175]"
			naemquest = "firesidequest"
			levelquest = 1
			namemon = "magma ninja"
			cframequest = cframe.new(-5431.09473, 15.9868021, -5296.53223, 0.831796765, 1.15322464e-07, -0.555080295, -1.10814341e-07, 1, 4.17010995e-08, 0.555080295, 2.68240168e-08, 0.831796765)
			cframemon = cframe.new(-5496.65576, 58.6890411, -5929.76855, -0.885073781, 0, -0.465450764, 0, 1.00000012, -0, 0.465450764, 0, -0.885073781)
		elseif mylevel == 1200 or mylevel <= 1249 then 
			ms = "lava pirate [lv. 1200]"
			naemquest = "firesidequest"
			levelquest = 2
			namemon = "lava pirate"
			cframequest = cframe.new(-5431.09473, 15.9868021, -5296.53223, 0.831796765, 1.15322464e-07, -0.555080295, -1.10814341e-07, 1, 4.17010995e-08, 0.555080295, 2.68240168e-08, 0.831796765)
			cframemon = cframe.new(-5169.71729, 34.1234779, -4669.73633, -0.196780294, 0, 0.98044765, 0, 1.00000012, -0, -0.98044765, 0, -0.196780294)
		elseif mylevel == 1250 or mylevel <= 1274 then 
			ms = "ship deckhand [lv. 1250]"
			naemquest = "shipquest1"
			levelquest = 1
			namemon = "ship deckhand"
			cframequest = cframe.new(1037.80127, 125.092171, 32911.6016, -0.244533166, -0, -0.969640911, -0, 1.00000012, -0, 0.96964103, 0, -0.244533136)
			cframemon = cframe.new(1163.80872, 138.288452, 33058.4258, -0.998580813, 5.49076979e-08, -0.0532564968, 5.57436763e-08, 1, -1.42118655e-08, 0.0532564968, -1.71604082e-08, -0.998580813)
		elseif mylevel == 1275 or mylevel <= 1299 then 
			ms = "ship engineer [lv. 1275]"
			naemquest = "shipquest1"
			levelquest = 2
			namemon = "ship engineer"
			cframequest = cframe.new(1037.80127, 125.092171, 32911.6016, -0.244533166, -0, -0.969640911, -0, 1.00000012, -0, 0.96964103, 0, -0.244533136)
			cframemon = cframe.new(921.30249023438, 125.400390625, 32937.34375)
		elseif mylevel == 1300 or mylevel <= 1324 then 
			ms = "ship steward [lv. 1300]"
			naemquest = "shipquest2"
			levelquest = 1
			namemon = "ship steward"
			cframequest = cframe.new(968.80957, 125.092171, 33244.125, -0.869560242, 1.51905191e-08, -0.493826836, 1.44108379e-08, 1, 5.38534195e-09, 0.493826836, -2.43357912e-09, -0.869560242)
			cframemon = cframe.new(917.96057128906, 136.89932250977, 33343.4140625)
		elseif mylevel == 1325 or mylevel <= 1349 then 
			ms = "ship officer [lv. 1325]"
			naemquest = "shipquest2"
			levelquest = 2
			namemon = "ship officer"
			cframequest = cframe.new(968.80957, 125.092171, 33244.125, -0.869560242, 1.51905191e-08, -0.493826836, 1.44108379e-08, 1, 5.38534195e-09, 0.493826836, -2.43357912e-09, -0.869560242)
			cframemon = cframe.new(944.44964599609, 181.40081787109, 33278.9453125)
		elseif mylevel == 1350 or mylevel <= 1374 then 
			ms = "arctic warrior [lv. 1350]"
			naemquest = "frostquest"
			levelquest = 1
			namemon = "arctic warrior"
			cframequest = cframe.new(5669.43506, 28.2117786, -6482.60107, 0.888092756, 1.02705066e-07, 0.459664226, -6.20391774e-08, 1, -1.03572376e-07, -0.459664226, 6.34646895e-08, 0.888092756)
			cframemon = cframe.new(5995.07471, 57.3188477, -6183.47314, 0.702747107, -1.53454167e-07, -0.711440146, -1.08168464e-07, 1, -3.22542007e-07, 0.711440146, 3.03620908e-07, 0.702747107)
		elseif mylevel == 1375 or mylevel <= 1424 then 
			ms = "snow lurker [lv. 1375]"
			naemquest = "frostquest"
			levelquest = 2
			namemon = "snow lurker"
			cframequest = cframe.new(5669.43506, 28.2117786, -6482.60107, 0.888092756, 1.02705066e-07, 0.459664226, -6.20391774e-08, 1, -1.03572376e-07, -0.459664226, 6.34646895e-08, 0.888092756)
			cframemon = cframe.new(5518.00684, 60.5559731, -6828.80518, -0.650781393, -3.64292951e-08, 0.759265184, -4.07668654e-09, 1, 4.44854642e-08, -0.759265184, 2.58550248e-08, -0.650781393)
		elseif mylevel == 1425 or mylevel <= 1449 then 
			ms = "sea soldier [lv. 1425]"
			naemquest = "forgottenquest"
			levelquest = 1
			namemon = "sea soldier"
			cframequest = cframe.new(-3052.99097, 236.881363, -10148.1943, -0.997911751, 4.42321983e-08, 0.064591676, 4.90968759e-08, 1, 7.37270085e-08, -0.064591676, 7.67442998e-08, -0.997911751)
			cframemon = cframe.new(-3030.3696289063, 191.13464355469, -9859.7958984375)
		elseif mylevel >= 1450 then 
			ms = "water fighter [lv. 1450]"
			naemquest = "forgottenquest"
			levelquest = 2
			namemon = "water fighter"
			cframequest = cframe.new(-3052.99097, 236.881363, -10148.1943, -0.997911751, 4.42321983e-08, 0.064591676, 4.90968759e-08, 1, 7.37270085e-08, -0.064591676, 7.67442998e-08, -0.997911751)
			cframemon = cframe.new(-3436.7727050781, 290.52191162109, -10503.438476563)
		end
	end
	if threeworld then
        if mylevel >= 1500 and mylevel <= 1524 then
            ms = "pirate millionaire [lv. 1500]"
            naemquest = "pirateportquest"
            levelquest = 1
            namemon = "pirate millionaire"
            cframequest = cframe.new(-290.074677, 42.9034653, 5581.58984)
            posquest = vector3.new(-290.074677, 42.9034653, 5581.58984)
            cframemon = cframe.new(81.164993286133, 43.755737304688, 5724.7021484375)
            posmon = vector3.new(81.164993286133, 43.755737304688, 5724.7021484375)
        elseif mylevel >= 1525 and mylevel <= 1574 then
            ms = "pistol billionaire [lv. 1525]"
            naemquest = "pirateportquest"
            levelquest = 2
            namemon = "pistol billionaire"
            cframequest = cframe.new(-290.074677, 42.9034653, 5581.58984)
            posquest = vector3.new(-290.074677, 42.9034653, 5581.58984)
            cframemon = cframe.new(81.164993286133, 43.755737304688, 5724.7021484375)
            posmon = vector3.new(81.164993286133, 43.755737304688, 5724.7021484375)
        elseif mylevel >= 1575 and mylevel <= 1599 then
            ms = "dragon crew warrior [lv. 1575]"
            naemquest = "amazonquest"
            levelquest = 1
            namemon = "dragon crew warrior"
            cframequest = cframe.new(5832.83594, 51.6806107, -1101.51563)
            posquest = vector3.new(5832.83594, 51.6806107, -1101.51563)
            cframemon = cframe.new(6241.9951171875, 51.522083282471, -1243.9771728516)
            posmon = vector3.new(6241.9951171875, 51.522083282471, -1243.9771728516)
        elseif mylevel >= 1600 and mylevel <= 1624 then
            ms = "dragon crew archer [lv. 1600]"
            naemquest = "amazonquest"
            levelquest = 2
            namemon = "dragon crew archer"
            cframequest = cframe.new(5832.83594, 51.6806107, -1101.51563)
            posquest = vector3.new(5832.83594, 51.6806107, -1101.51563)
            cframemon = cframe.new(6488.9155273438, 383.38375854492, -110.66246032715)
            posmon = vector3.new(6488.9155273438, 383.38375854492, -110.66246032715)
        elseif mylevel >= 1625 and mylevel <= 1649 then
            ms = "female islander [lv. 1625]"
            naemquest = "amazonquest2"
            levelquest = 1
            namemon = "female islander"
            cframequest = cframe.new(5448.86133, 601.516174, 751.130676)
            posquest = vector3.new(5448.86133, 601.516174, 751.130676)
            cframemon = cframe.new(5825.2241210938, 682.89245605469, 704.57958984375)
            posmon = vector3.new(5825.2241210938, 682.89245605469, 704.57958984375)
        elseif mylevel >= 1650 and mylevel <= 1699 then
            ms = "giant islander [lv. 1650]"
            naemquest = "amazonquest2"
            levelquest = 2
            namemon = "giant islander"
            cframequest = cframe.new(5448.86133, 601.516174, 751.130676)
            posquest = vector3.new(5448.86133, 601.516174, 751.130676)
            cframemon = cframe.new(4530.3540039063, 656.75695800781, -131.60952758789)
            posmon = vector3.new(4530.3540039063, 656.75695800781, -131.60952758789)
        elseif mylevel >= 1700 and mylevel <= 1724 then
            ms = "marine commodore [lv. 1700]"
            naemquest = "marinetreeisland"
            levelquest = 1
            namemon = "marine commodore"
            cframequest = cframe.new(2180.54126, 27.8156815, -6741.5498)
            posquest = vector3.new(2180.54126, 27.8156815, -6741.5498)
            cframemon = cframe.new(2490.0844726563, 190.4232635498, -7160.0502929688)
            posmon = vector3.new(2490.0844726563, 190.4232635498, -7160.0502929688)
        elseif mylevel >= 1725 and mylevel <= 1774 then
            ms = "marine rear admiral [lv. 1725]"
            naemquest = "marinetreeisland"
            levelquest = 2
            namemon = "marine rear admiral"
            cframequest = cframe.new(2180.54126, 27.8156815, -6741.5498)
            posquest = vector3.new(2180.54126, 27.8156815, -6741.5498)
            cframemon = cframe.new(3951.3903808594, 229.11549377441, -6912.81640625)
            posmon = vector3.new(3951.3903808594, 229.11549377441, -6912.81640625)
        elseif mylevel >= 1775 and mylevel <= 1799 then
            ms = "fishman raider [lv. 1775]"
            naemquest = "deepforestisland3"
            levelquest = 1
            namemon = "fishman raider"
            cframequest = cframe.new(-10581.6563, 330.872955, -8761.18652)
            posquest = vector3.new(-10581.6563, 330.872955, -8761.18652)
            cframemon = cframe.new(-10322.400390625, 390.94473266602, -8580.0908203125)
            posmon = vector3.new(-10322.400390625, 390.94473266602, -8580.0908203125)
        elseif mylevel >= 1800 and mylevel <= 1824 then
            ms = "fishman captain [lv. 1800]"
            naemquest = "deepforestisland3"
            levelquest = 2
            namemon = "fishman captain"
            cframequest = cframe.new(-10581.6563, 330.872955, -8761.18652)
            posquest = vector3.new(-10581.6563, 330.872955, -8761.18652)
            cframemon = cframe.new(-11194.541992188, 442.02795410156, -8608.806640625)
            posmon = vector3.new(-11194.541992188, 442.02795410156, -8608.806640625)
        elseif mylevel >= 1825 and mylevel <= 1849 then
            ms = "forest pirate [lv. 1825]"
            naemquest = "deepforestisland"
            levelquest = 1
            namemon = "forest pirate"
            cframequest = cframe.new(-13234.04, 331.488495, -7625.40137)
            posquest = vector3.new(-13234.04, 331.488495, -7625.40137)
            cframemon = cframe.new(-13225.809570313, 428.19387817383, -7753.1245117188)
            posmon = vector3.new(-13225.809570313, 428.19387817383, -7753.1245117188)
        elseif mylevel >= 1850 and mylevel <= 1899 then
            ms = "mythological pirate [lv. 1850]"
            naemquest = "deepforestisland"
            levelquest = 2
            namemon = "mythological pirate"
            cframequest = cframe.new(-13234.04, 331.488495, -7625.40137)
            posquest = vector3.new(-13234.04, 331.488495, -7625.40137)
            cframemon = cframe.new(-13869.172851563, 564.95251464844, -7084.4135742188)
            posmon = vector3.new(-13869.172851563, 564.95251464844, -7084.4135742188)
        elseif mylevel >= 1900 and mylevel <= 1924 then
            ms = "jungle pirate [lv. 1900]"
            naemquest = "deepforestisland2"
            levelquest = 1
            namemon = "jungle pirate"
            cframequest = cframe.new(-12680.3818, 389.971039, -9902.01953)
            posquest = vector3.new(-12680.3818, 389.971039, -9902.01953)
            cframemon = cframe.new(-11982.221679688, 376.32522583008, -10451.415039063)
            posmon = vector3.new(-11982.221679688, 376.32522583008, -10451.415039063)
        elseif mylevel >= 1925 and mylevel <= 1974 then
            ms = "musketeer pirate [lv. 1925]"
            naemquest = "deepforestisland2"
            levelquest = 2
            namemon = "musketeer pirate"
            cframequest = cframe.new(-12680.3818, 389.971039, -9902.01953)
            posquest = vector3.new(-12680.3818, 389.971039, -9902.01953)
            cframemon = cframe.new(-13282.3046875, 496.23684692383, -9565.150390625)
            posmon = vector3.new(-13282.3046875, 496.23684692383, -9565.150390625)
        elseif mylevel >= 1975 and mylevel <= 1999 then
            ms = "reborn skeleton [lv. 1975]"
            naemquest = "hauntedquest1"
            levelquest = 1
            namemon = "reborn skeleton"
            cframequest = cframe.new(-9480.8271484375, 142.13066101074, 5566.0712890625)
            posquest = vector3.new(-9480.8271484375, 142.13066101074, 5566.0712890625)
            cframemon = cframe.new(-8817.880859375, 191.16761779785, 6298.6557617188)
